0 0.238717052360398 0.225569657605691 0.155667829731139 1.02448386139455 0.451274854901909 -0.0599454707065565
0.238717052360398 0 0.218861799845 0.325856304901362 -0.288600119597288 0.0602739503172666 -0.234288438312916
0.225569657605691 0.218861799845 0 -0.0294985980563841 -0.26717361911165 -0.0221571453072896 -0.0460781511500336
0.155667829731139 0.325856304901362 -0.0294985980563841 0 0.546326193532699 -0.753484512582697 -0.707925173239904
1.02448386139455 -0.288600119597288 -0.26717361911165 0.546326193532699 0 0.305093303749996 0.271421784500097
0.451274854901909 0.0602739503172666 -0.0221571453072896 -0.753484512582697 0.305093303749996 0 -0.0263042350978048
-0.0599454707065565 -0.234288438312916 -0.0460781511500336 -0.707925173239904 0.271421784500097 -0.0263042350978048 0
